-0.3329365443312071 0.5695517273402055 -0.7515078757621788 -0.7549397798793341 0.31652916897661754 0.574347642062466 0.5649948550248373 0.7585645094985398 0.3245931279690054 0.23064824955952454 0.05245605123873663 -0.07927240593250742 
-0.33293508692325974 0.5695517107550844 -0.7515085339976905 -0.7549401774633128 0.3165301432965096 0.5743465825060274 0.5649951825874832 0.7585641153921319 0.3245934788197215 0.2306485338995726 0.052456019234830634 -0.07927201160287664 
-0.33292497306435653 0.5695515956621818 -0.7515131018077862 -0.7549429364623409 0.31653690467562734 0.5743392296056318 0.5649974557426919 0.7585613804149505 0.3245959136330115 0.23065050710057655 0.05245579713296859 -0.07926927511248519 
-0.33289778698488903 0.5695512863056081 -0.7515253792708472 -0.7549503519387624 0.31655507900557445 0.5743194651614321 0.56500356594282 0.7585540285460237 0.3246024587838111 0.23065581097317103 0.05245520006294496 -0.07926191948687396 
-0.3328453727141442 0.5695506899271229 -0.7515490466139388 -0.7549646458802531 0.3165901176544069 0.5742813603752716 0.5650153461045869 0.7585398532754275 0.32461507922338845 0.23066603634509342 0.05245404867736302 -0.07924773825236223 
-0.3327598308563111 0.569549716774347 -0.7515876629447428 -0.7549879656943604 0.31664729871109776 0.5742191740752446 0.565034571176995 0.7585167159273591 0.32463568046905067 0.2306827233692197 0.05245216888328928 -0.07922459478847788 
-0.33263351518609396 0.5695482801222462 -0.7516446641763207 -0.7550223819750997 0.31673172805323224 0.5741273509954563 0.5650629586971609 0.7584825436713787 0.32466611103440707 0.23070736176213735 0.05244939150539138 -0.07919042170531564 
-0.3324590290873787 0.5695462963072041 -0.7517233602469888 -0.7550698856351675 0.31684834025966285 0.5740005201056808 0.5651021693332743 0.7584353272609626 0.3247081652459389 0.23074139098203694 0.052445551889107433 -0.07914322024342431 
-0.3322292218575647 0.5695436847735074 -0.7518269317326514 -0.7551323844934364 0.31700189938850715 0.5738334929867164 0.5651538074127911 0.758373118536446 0.3247635863949831 0.2307862003542705 0.05244048945191867 -0.07908105969430958 
-0.33193718489937446 0.569540368132624 -0.7519584259441697 -0.7552116994037502 0.31719699963948406 0.5736212622483658 0.5652194214327546 0.7582940277274142 0.3248340701776183 0.23084312915250527 0.052434047190326835 -0.07900207684015491 
-0.33157624782121053 0.569536272236209 -0.7521207525976732 -0.7553095600074728 0.31743806591825896 0.5733589999881339 0.5653005045479129 0.7581962205876248 0.32492126837822854 0.2309134666429918 0.05242607114967654 -0.07890447541188696 
-0.3311399744663709 0.5695313262643092 -0.7523166791411898 -0.7554276001888244 0.31772935431915494 0.5730420562898386 0.5653984950310398 0.7580779153936288 0.3250267927557441 0.23099845209907002 0.05241640986351719 -0.07878652556522778 
-0.33062215889069674 0.5695254628307449 -0.7525488258165582 -0.7555673533086911 0.31807495254132334 0.5726659577624064 0.5655147766986768 0.7579373798363955 0.325152219094665 0.23109927479265452 0.05240491376876048 -0.07864656337487622 
-0.3300168213074803 0.5695186181080649 -0.7528196605312503 -0.7557302472892878 0.3184787802522616 0.5722264061200808 0.565650679294367 0.7577729278334719 0.3252990913859264 0.23121707396906876 0.05239143460247207 -0.07848299034742315 
-0.32931820401765777 0.5695107319748615 -0.7531314936105391 -0.7559175996188082 0.3189445894114309 0.5717192768061199 0.5658074788204228 0.7575829162874723 0.3254689261054662 0.23135293881124191 0.05237582478573804 -0.07829427295403893 
-0.328520767342513 0.5695017481884895 -0.7534864724963155 -0.7561306123419608 0.3194759645656565 0.571140617662774 0.5659863978083379 0.7573657418150742 0.32566321656098074 0.23150790839894306 0.05235793679965808 -0.07807894218434938 
-0.3276191855752466 0.5694916145863961 -0.753886576454835 -0.7563703670990573 0.32007632312700096 0.570486647650878 0.5661886055171452 0.7571198374691285 0.3258834372797597 0.23168297166839466 0.05233762255815894 -0.07783559312324581 
-0.3266083429668542 0.5694802833193515 -0.7543336113517395 -0.7566378202731073 0.32074891564290414 0.5697537556227797 0.5664152180483915 0.7568436694750195 0.3261310484127216 0.23187906737730113 0.0523147327819799 -0.0775628845526487 
-0.3254833297607932 0.569467711119781 -0.7548292045488331 -0.756933798301124 0.3214968260675587 0.5689384991525173 0.5666672983658574 0.7565357340010341 0.3264075001317477 0.2320970840800258 0.05228911637785827 -0.07725953858045462 
-0.32423943828988566 0.5694538596082305 -0.7553747999733307 -0.7572589932026107 0.3223229720427692 0.5680376034271715 0.5669458562078283 0.7561945539811868 0.3267142369991955 0.23233786011737184 0.05226061982664855 -0.0769243402990493 
-0.3228721591478263 0.5694386956406724 -0.7559716534065748 -0.7576139583749194 0.3232301051958957 0.5670479602031349 0.5672518478794993 0.7558186760077448 0.32705270229000294 0.23260218362515264 0.052229086583827786 -0.0765561374758543 
-0.3213771774465259 0.5694221916989173 -0.7566208280356191 -0.7579991047018941 0.32422081146194076 0.5659666268306704 0.5675861759130775 0.7554066673095773 0.32742434224810896 0.23289079256548528 0.052194356495589664 -0.07615384027840114 
-0.31975036916931704 0.5694043263258267 -0.7573231903074915 -0.7584146970188944 0.32529751143638264 0.5647908253495579 0.5679496885832618 0.7549571128314032 0.32783061026000615 0.23320437478450462 0.052156265233493815 -0.07571642103638647 
-0.31798779762881907 0.5693850846063243 -0.7580794061224865 -0.7588608509739586 0.3264624607649671 0.5635179416579045 0.5683431792660594 0.7544686124280657 0.32827297092909796 0.2335435680999665 0.05211464375042721 -0.07524291404306346 
-0.31608571003696806 0.5693644586943926 -0.7588899373994014 -0.7593375303215188 0.32771775057639796 0.5621455247552561 0.5687673856293468 0.7539397781870827 0.3287529040351898 0.23390896042199802 0.052069317760443296 -0.07473241539816398 
-0.3140405341934063 0.5693424483853182 -0.7597550390422768 -0.7598445446816849 0.3290653079636394 0.5606712860600926 0.5692229886441718 0.75336923189191 0.3292719083638789 0.23430108991004936 0.0520201072448771 -0.07418408289432912 
-0.3118488752970992 0.5693190617314328 -0.7606747563349102 -0.7603815477947252 0.33050689651940063 0.5590930988005592 0.569710611406556 0.7527556026376391 0.3298315053908779 0.2347204451689077 0.0519668259869782 -0.07359713594875308 
-0.30950751288469275 0.5692943156984744 -0.7616489227861727 -0.760948036296946 0.3320441169313042 0.5574089974759394 0.5702308177604514 0.7520975246101506 0.33043324280636566 0.2351674654864486 0.05190928113717648 -0.07297085558142347 
-0.30701339789780147 0.5692682368585255 -0.7626771584459784 -0.7615433490407291 0.33367840764221174 0.5556171773849226 0.5707841107135663 0.7513936350391477 0.33107869786438937 0.23564254111562025 0.05184727281097727 -0.07230458444096749 
-0.30436364988009385 0.569240862114225 -0.7637588687086528 -0.7621666669780388 0.3354110455812202 0.553715994215175 0.5713709306389807 0.7506425723349073 0.33176948054210564 0.2361460136029767 0.05178059372138032 -0.0715977268786971 
-0.3015555543037705 0.569212239447672 -0.7648932436173769 -0.7628170136232401 0.337243146970919 0.5517039636871142 0.5719916532568172 0.749842974418056 0.33250723649330644 0.23667817616590417 0.05170902884763604 -0.07084974907098879 
-0.2985865600238017 0.5691824286861175 -0.7660792576803822 -0.7634932561075884 0.33917566821660106 0.5495797612431289 0.5726465873917219 0.7489934772511674 0.3332936497802199 0.23723927412050333 0.05163235514207431 -0.07006017918963935 
-0.29545427685713277 0.5691515022752226 -0.7673156702066535 -0.7641941068342764 0.3412094068832708 0.5473422217718354 0.5733359725035497 0.7480927135804919 0.3341304453670523 0.2378295053619141 0.05155034127668267 -0.06922860761931143 
-0.29215647328301175 0.5691195460493486 -0.768601026165992 -0.76491812573943 0.34334500276643415 0.5449903393552905 0.5740599759904101 0.7471393118956468 0.3350193913581558 0.23844902089868086 0.051462747431055424 -0.06835468722062688 
-0.2886910742596076 0.5690866599870581 -0.7699336575755135 -0.7656637231609723 0.34558293906282744 0.5425232670254576 0.5748186902651228 0.7461318956146241 0.33596230096309304 0.23909792544256395 0.05136932512329119 -0.06743813363688766 
-0.2850561591512632 0.5690529589387926 -0.7713116854118925 -0.7664291633137834 0.34792354364739975 0.539940316514677 0.5756121296081793 0.7450690825009723 0.3369610341702671 0.23977627805499652 0.05126981708537777 -0.06647872564180533 
-0.2812499597600012 0.5690185733125194 -0.7727330220460249 -0.7672125683661427 0.3503669904630151 0.5372409579833956 0.5764402268024192 0.7439494843195165 0.3380174991101806 0.24048409285117273 0.0511639571845648 -0.0654763055250061 
-0.27727085845434435 0.5689836497020975 -0.7741953741941836 -0.76801192310898 0.3529133010294782 0.5344248197070596 0.5773028295569295 0.7427717067364359 0.339133653088874 0.24122133976252078 0.05105147039219562 -0.06443077951145887 
-0.2731173863881066 0.5689483514421522 -0.7756962463772703 -0.7688250802060608 0.3555623460785938 0.5314916877028558 0.578199696730008 0.741534349468953 0.3403115032716099 0.24198794535806775 0.05093207280143189 -0.06334211821034344 
-0.26878822180158335 0.5689128590724523 -0.7772329448773712 -0.7696497660098489 0.3583138473220377 0.528441505275905 0.5791304943635137 0.7402360066892771 0.3415531069965325 0.24278379372494147 0.05080547169527264 -0.062210357088253045 
-0.26428218839750617 0.5688773706941139 -0.7788025821785497 -0.7704835869244548 0.3611673793588597 0.5252743724636486 0.580094791543461 0.7388752676867762 0.34286057169780176 0.2436087274079736 0.050671365666231954 -0.06103559696100141 
-0.25959825378426526 0.5688421021994945 -0.7804020818766567 -0.7713240362938226 0.3641223717294079 0.5219905453564816 0.5810920561043373 0.737450717791644 0.34423605441763777 0.24446254840806797 0.0505294447889896 -0.05981800449769725 
-0.2547355279792126 0.5688072873573417 -0.7820281840409169 -0.7721685017900791 0.3671781111224 0.5185904352722397 0.5821216501972901 0.7359609395625347 0.34568176088682295 0.24534501923868238 0.05037939084728689 -0.058557812730152724 
-0.24969326196536765 0.568773177734691 -0.7836774510081784 -0.7730142732738727 0.3703337437417239 0.5150746077619295 0.5831828257450323 0.7344045142398165 0.34719994415353594 0.24625586403943253 0.050220877616272974 -0.057255321560122724 
-0.24447084629551705 0.5687400424371615 -0.7853462735890007 -0.7738585510954835 0.3735882778393545 0.5114437814241405 0.5842747198090572 0.7327800234651602 0.34879290274093394 0.2471947697454794 0.05005357120143959 -0.05591089825632367 
-0.23906780973857858 0.5687081676496785 -0.7870308776632235 -0.7746984548025934 0.3769405864204944 0.5076988265058803 0.585396349897463 0.7310860512672358 0.35046297831469714 0.24816138731098544 0.049877130435200576 -0.05452497793266793 
-0.2334838179640956 0.5686778559603064 -0.7887273311413127 -0.7755310322178022 0.3803894101266995 0.5038407632681696 0.5865466092443968 0.7293211863122111 0.35221255284281094 0.24915533298454845 0.04969120733207544 -0.05309806399867479 
-0.22771867226192974 0.5686494254507606 -0.790431551266638 -0.7763532688463555 0.3839333603023188 0.49987076009559495 0.5877242620947701 0.7274840244166808 0.3540440452311948 0.250176189634123 0.0494954476033259 -0.051630728572584106 
-0.22177230829549152 0.5686232085383456 -0.7921393122329219 -0.7771620975720606 0.38757092224907636 0.49579013133017813 0.5889279390304759 0.7255731713194455 0.3559599074204259 0.2512235081185367 0.04928949123176993 -0.05012361284731364 
-0.21564479488828717 0.5685995505554965 -0.7938462530904054 -0.7779544085970846 0.3913004586730148 0.4916003348113677 0.5901561323768053 0.7235872457073685 0.35796261993073447 0.25229680870230214 0.049072973107351356 -0.04857742739907013 
-0.2093363328450421 0.5685788080548122 -0.7955478859138265 -0.7787270595792408 0.3951202133273601 0.48730296910567983 0.5914071917300796 0.7215248824892394 0.36005468684469333 0.25339558251001304 0.048845523723884565 -0.046992952428147244 
-0.20284725381021648 0.5685613468294439 -0.7972396042051236 -0.7794768859184988 0.39902831485408885 0.48289977041152715 0.5926793196497183 0.7193847363102687 0.36223863021957237 0.25451929301620946 0.04860676993721115 -0.045371037921232454 
-0.19617801916831393 0.5685475396409407 -0.7989166915038322 -0.7802007111428327 0.40302278082614285 0.4783926091270442 0.5939705675598874 0.7171654852984741 0.3645169839241917 0.2556673775661955 0.048356335784810286 -0.043712603724401264 
-0.18932921899194421 0.5685377636491467 -0.8005743301784835 -0.780895357342161 0.4071015219912947 0.4737834860712539 0.5952788319076693 0.7148658350328393 0.3668922868982698 0.2568392489229112 0.048093843366680156 -0.042018639515899306 
-0.18230157104513003 0.5685323975414746 -0.8022076103729135 -0.7815576555980583 0.41126234671766226 0.4690745283516771 0.5966018506261478 0.7124845227217392 0.36936707583572126 0.2580342968345917 0.04781891378707351 -0.0402902046678167 
-0.1750959198507866 0.5685318183618411 -0.8038115390822561 -0.7821844563561323 0.4155029656397701 0.4642679848744884 0.5979371999520259 0.71002032157871 0.37194387729709455 0.2592518896176079 0.04753116815640972 -0.03852842798583475 
-0.1677132358326202 0.5685363980427003 -0.8053810493345275 -0.7827726396875128 0.41982099650288773 0.4593662214964939 0.5992822916482644 0.7074720453812682 0.3746251992603403 0.2604913757485678 0.04723022865240782 -0.03673450731638703 
-0.16015461454285104 0.5685464996469496 -0.8069110094550898 -0.7833191253857801 0.4242139692021343 0.4543717158215587 0.6006343706827701 0.7048385531970934 0.3774135221233345 0.261752085459488 0.04691571963918674 -0.0349097090108138 
-0.15242127598811558 0.5685624733299804 -0.8083962323929089 -0.7838208828458886 0.42867933101151867 0.449287051647617 0.6019905134143281 0.7021187542605681 0.38031128917603974 0.2630333323296097 0.04658726884276233 -0.033055367236422044 
-0.14451456406662463 0.5685846520357318 -0.8098314850893608 -0.7842749406722528 0.4332144519967249 0.4441149130739836 0.6033476263367313 0.6993116129813542 0.3833208965648084 0.2643344148672487 0.04624450858103714 -0.031172883124768756 
-0.13643594613009669 0.568613346944315 -0.8112114978723916 -0.7846783959641428 0.4378166306040062 0.43885807828237033 0.6047024454314084 0.6964161540654692 0.3864446827761191 0.26565461807494095 0.04588707704602532 -0.029263723747990793 
-0.12818701268410113 0.5686488426925091 -0.8125309738610559 -0.7850284232279117 0.44248309941609143 0.4335194130087227 0.6060515361777611 0.6934314677281379 0.38968491767192637 0.26699321499107115 0.045514619635688564 -0.027329420914581563 
-0.1197694772402587 0.5686913923921577 -0.8137845983678139 -0.7853222828673467 0.4472110310644766 0.4281018637266914 0.6073912942688708 0.6903567149766248 0.39304379111374976 0.26834946820116296 0.045126790332377126 -0.025371569776693366 
-0.1111851763331506 0.5687412124752264 -0.8149670482884419 -0.7855573292056109 0.45199754428592936 0.42260845056723184 0.6087179470782124 0.6871911329402459 0.3965234012176175 0.26972263131206875 0.044723253124473936 -0.023391827241788107 
-0.10243606971383223 0.568798477397883 -0.8160730014719472 -0.7857310179948265 0.45683971010947466 0.41704226000239375 0.6100275559205469 0.6839340402238661 0.4001257422869248 0.27111195038242525 0.04430368346743384 -0.021391910182302153 
-0.09352424073047799 0.5688633142394719 -0.8170971460654304 -0.7858409133723142 0.46173455815854253 0.41140643732482096 0.6113160191471789 0.6805848422604043 0.40385269247514805 0.2725166653029428 0.043867769779997026 -0.019373593437895575 
-0.08445189690490272 0.568935797235567 -0.8180341898313869 -0.7858846942258931 0.46667908305139344 0.4057041789577538 0.6125790761123321 0.6771430366371941 0.40770600123510736 0.27393601112037097 0.04341521497093123 -0.01733870760584861 
-0.07522137071150391 0.5690159422873866 -0.8188788694374032 -0.7858601599343922 0.4716702508813859 0.39993872463338886 0.6138123120434891 0.6736082183705064 0.41168727661604776 0.2753692192993381 0.04294573799123441 -0.015289136616219771 
-0.0658351205625729 0.5691037014926758 -0.8196259597205586 -0.7857652354536616 0.4767050057571291 0.39411334948025706 0.6150111638441723 0.6699800851021104 0.4157979724741401 0.27681551891668377 0.04245907540630092 -0.013226815089501798 
-0.05629573200091212 0.5691989577456766 -0.8202702829310086 -0.7855979757228442 0.4817802763810882 0.388231356062763 0.6161709268528102 0.6662584421914652 0.42003937566608107 0.27827413778340376 0.04195498298212921 -0.011153725475693127 
-0.04660591909732704 0.5693015194559444 -0.8208067179612057 -0.785356569370484 0.486892982643822 0.3822960664181975 0.6172867625761282 0.6624432076769718 0.42441259329917025 0.27974430348989693 0.04143323727923108 -0.009071894974926616 
-0.0367685260468364 0.5694111154375163 -0.8212302095688799 -0.7850393417051512 0.49204004220969716 0.37631081413828943 0.6183537074098333 0.6585344170796869 0.4289185401145897 0.28122524437083535 0.040893637247486 -0.006983392241080161 
-0.02678652895342644 0.56952739002123 -0.8215357776032843 -0.7846447569806375 0.49721837706872135 0.3702789365437132 0.6193666823533726 0.6545322280230004 0.4335579260834977 0.2827161903866769 0.040336005814790424 -0.004890323871104163 
-0.016663037788882396 0.5696498984438185 -0.8217185262452061 -0.7841714199313845 0.5024249200280405 0.3642037670008551 0.6203205037192001 0.6504369246420166 0.43833124429795467 0.284216373919591 0.039760191461963135 -0.002794830684139625 
-0.006401298506751927 0.5697781025677056 -0.8217736532718559 -0.7836180765795876 0.5076566211157012 0.35808862743055225 0.6212098948303502 0.6462489217567288 0.44323875924058176 0.28572503048236203 0.039166069776009116 -0.0006990837958706017 
0.003995304712142865 0.5699113669852008 -0.8216964593579049 -0.7829836143213506 0.5129104538684924 0.35193682105839946 0.6220294986932148 0.6419687687835579 0.4482804955181421 0.2872413993396774 0.03855354497350291 0.0013947195050756853 
0.014523247110925995 0.5700489555600107 -0.821482357423637 -0.7822670613052822 0.5181834214750791 0.34575162545558374 0.6227738916253257 0.6375971533604283 0.45345622714494255 0.2887647240420671 0.03792255138554579 0.0034843600704862615 
0.02517886093761305 0.5701900284576253 -0.8211268820403925 -0.7814675851229659 0.5234725627452492 0.33953628591801666 0.6234375978106906 0.6331349046612528 0.45876546746199415 0.29029425287365423 0.03727305489547639 0.005567601386113549 
0.03595833299339634 0.5703336397141948 -0.8206256989021822 -0.7805844908367481 0.5287749578759121 0.33329400922978214 0.62401510474785 0.6285829963765219 0.4642074597772451 0.29182923921576287 0.03660505432027894 0.007642194234496719 
0.04685770219035306 0.5704787353910094 -0.8199746143705395 -0.7796172183762269 0.5340877339845582 0.3270279578546065 0.6245008795484236 0.623942549337609 0.4697811688108952 0.29336894182932627 0.03591858272644122 0.009705881514802464 
0.057872857164890566 0.5706241523585952 -0.8191695850973759 -0.7785653393405748 0.539408070381214 0.32074124459618625 0.6248893860364948 0.6192148337634122 0.47548527302775884 0.2949126250599118 0.03521370867087728 0.011756403206136218 
0.06899953399712687 0.5707686177507935 -0.8182067277277965 -0.7774285532493886 0.5447332035505073 0.3144369277647973 0.6251751025918596 0.6144012711090778 0.48131815793589966 0.2964595589700257 0.034490537357436846 0.013791501459525311 
0.08023331408990501 0.5709107491250085 -0.8170823286815547 -0.7762066832899929 0.5500604318163558 0.30811800688364993 0.6253525406729386 0.609503435497722 0.48727791042727847 0.29800901940417757 0.0337492116995035 0.015808925802575202 
0.0915696222641287 0.5710490553601081 -0.8157928540081318 -0.7748996716140348 0.5553871196629426 0.3017874189640134 0.6254162639481531 0.6045230547173766 0.49336231423195076 0.2995602879929353 0.03298991327921423 0.01780643843966799 
0.10300372512952853 0.5711819383182943 -0.8143349593063022 -0.773507574240645 0.5607107016871214 0.295448035373209 0.6253609079577915 0.5994620107667309 0.4995688465524189 0.3011126521029035 0.0322128631939471 0.01978181962950705 
0.11453072979177246 0.5713076952916635 -0.8127054996946259 -0.772030555627417 0.5660286861591645 0.28910265931421564 0.6251812002219721 0.5943223399347004 0.5058946759391294 0.30266540474017933 0.03141832278089984 0.02173287312083396 
0.1261455829578946 0.5714245222481971 -0.8109015398145649 -0.7704688829738576 0.5713386581708361 0.2827540239299252 0.6248719807042311 0.5891062324003782 0.51233666146178 0.3042178444153801 0.030606594210843045 0.023657431626245493 
0.13784307050237654 0.5715305178856126 -0.808920363842993 -0.7688229203247403 0.5766382823521352 0.27640479103900645 0.6244282225346757 0.583816031341537 0.5188913532241628 0.3057692749787845 0.029778020942474552 0.025553362313249672 
0.14961781755570916 0.5716236884949416 -0.8067594854857951 -0.7670931225429094 0.5819253051407135 0.2700575505040664 0.6238450528915297 0.5784542315415502 0.5255549942626738 0.3073190054344755 0.028932988029221757 0.027418572291005028 
0.16146428917597522 0.5717019536289348 -0.8044166579191137 -0.765280029222453 0.587197556590879 0.2637148202262871 0.6231177739353762 0.5730234774863597 0.5323235238605005 0.30886634974261284 0.028071922270857814 0.029251014070611675 
0.1733767916618121 0.571763152563483 -0.8018898836397201 -0.763384258613805 0.5924529517122801 0.25737904675411777 0.6222418836864874 0.5675265609450135 0.5391925823008118 0.31041062661909197 0.027195292202890423 0.031048690976365416 
0.18534947456208314 0.5718050515333031 -0.7991774241809866 -0.7614065016321381 0.5976894913317452 0.2510526064869851 0.6212130967324088 0.561966418029224 0.5461575170731744 0.3119511593418533 0.026303607917378194 0.032809662485046236 
0.19737633343368235 0.5718253517161856 -0.7962778096461917 -0.7593475160194172 0.602905262475364 0.244737807448405 0.6200273646504776 0.5563461257294534 0.5532133905378747 0.31348727557300493 0.02539742070960166 0.03453204947011865 
0.20945121339416733 0.571821697933261 -0.7931898480064111 -0.7572081207286565 0.6080984382716308 0.2384368915964557 0.618680896028225 0.5506688979271722 0.5603549890430052 0.3150183072056897 0.024477322545883515 0.03621403932764254 
0.22156781351034782 0.5717916880260486 -0.7899126341061813 -0.7549891905962297 0.61326727738036 0.23215203763338077 0.6171701759637238 0.5449380808851612 0.5675768334790486 0.3165435902442936 0.02354394534880007 0.037853890960772296 
0.23371969205765372 0.571732882864625 -0.7864455583165184 -0.7526916513646137 0.6184101229560518 0.22588536427022393 0.6154919849279001 0.5391571482200582 0.5748731912454501 0.3180624647261283 0.02259796009705184 0.03944993959993114 
0.24590027267808257 0.5716428169351029 -0.782788314771845 -0.7503164751136062 0.6235254011583726 0.21963893389693784 0.6136434168716696 0.5333296953637505 0.5822380895933136 0.31957427469216443 0.021640075738368056 0.0410006014361064 
0.25810285145686424 0.5715190094488741 -0.7789409091249565 -0.7478646761530054 0.62861161922641 0.21341475660345374 0.6116218964625093 0.5274594335227392 0.5896653302980216 0.3210783682137197 0.02067103791498435 0.042504378045214064 
0.27032060492978977 0.5713589759107595 -0.7749036657524605 -0.7453373074239096 0.6336673631372981 0.20721479449281613 0.6094251953377615 0.5215501831471561 0.5971485056053469 0.32257409748124816 0.019691627502471776 0.04395986058213523 
0.2825465990244882 0.5711602400784085 -0.770677234342153 -0.7427354574493402 0.638691294873618 0.20104096622375361 0.6070514472655628 0.5156058669237927 0.6046810153845991 0.3240608189605326 0.018702658963966612 0.045365733723817046 
0.29477379892991834 0.5709203462410544 -0.7662625957936475 -0.7400602478677968 0.6436821493276319 0.19489515171705873 0.6044991621088314 0.5096305023102079 0.6122560854126039 0.32553789362066043 0.01770497852318148 0.046720779341774425 
0.3069950798791096 0.5706368717420851 -0.7616610673642352 -0.7373128315757684 0.6486387308738597 0.18877919695790357 0.601767238493208 0.5036281936297407 0.6198667867030003 0.3270046872371877 0.016699462160922836 0.04802387988540918 
0.31920323882078117 0.5703074396669123 -0.7568743069935026 -0.7344943914972034 0.6535599096446634 0.18269491882483377 0.5988549750861858 0.49760312375007343 0.6275060557864705 0.3284605707728595 0.01568701344121136 0.04927402145877611 
0.33139100694611406 0.5699297316152935 -0.7519043167426025 -0.7316061399895766 0.6584446175463806 0.17664410987562593 0.5957620804018936 0.49155954537077184 0.6351667158393046 0.32990492083719836 0.014668561174465265 0.05047029657477969 
0.34355106302766153 0.5695015004756655 -0.7467534452873515 -0.7286493188876337 0.6632918440560457 0.1706285430205558 0.5924886810540358 0.48550177194804967 0.6428414985501114 0.33133712022518147 0.013645056926574604 0.05161190657224915 
0.35567604751835635 0.5690205831181385 -0.7414243894083966 -0.7256252001771906 0.6681006318408306 0.16464997601486278 0.5890353283883165 0.47943416828776075 0.6505230666077041 0.33275655853413366 0.012617472384016303 0.05269816368293622 
0.3677585773499008 0.5684849129226522 -0.7359201944266114 -0.7225350872827018 0.6728700722440228 0.1587101557043583 0.585403003435202 0.4733611408403184 0.6582040366872547 0.3341626328568824 0.011586796586457233 0.05372849273716765 
0.3797912613616137 0.5678925320593354 -0.7302442535375346 -0.7193803169437465 0.6775993006825477 0.1528108219611321 0.5815931201340583 0.4672871277338579 0.6658770028068035 0.33555474854815354 0.010554033039526123 0.05470243249868092 
0.39176671628318366 0.5672416034393911 -0.724400306005043 -0.716162261647274 0.6822874920017599 0.14695371125020915 0.5776075267904262 0.4612165885844273 0.673534559922199 0.33693232006015916 0.009520196721593883 0.055619636621042544 
0.40367758318782127 0.5665304222568037 -0.7183924341814629 -0.7128823325745055 0.6869338558334308 0.14114055977268705 0.5734485057394186 0.45515399412434354 0.6811693276255802 0.33829477184234796 0.008486310999481682 0.05647987422000146 
0.4155165443261538 0.5657574270437992 -0.7122250593288836 -0.7095419830138989 0.6915376320025622 0.13537310613631084 0.5691187711997868 0.4491038156919503 0.6887739738106946 0.3396415392993741 0.007453404468989441 0.0572830300581274 
0.42727634024584343 0.5649212101662793 -0.7059029362245102 -0.7061427121847036 0.6960980860278028 0.12965309351057094 0.564621465315081 0.44307051462797253 0.696341238167577 0.3409720698004869 0.0064225077369985464 0.058029104340138936 
0.438949787097556 0.5640205276893338 -0.6994311465412846 -0.7026860694093939 0.7006145047589312 0.12398227123010042 0.5599601523903168 0.437058531625277 0.7038639553696223 0.3422858237327871 0.005394650162635656 0.058718212119394646 
0.4505297940244563 0.5630543085473732 -0.69281509100374 -0.699173658567846 0.7050861921930004 0.11836239581737162 0.5551388113446348 0.4310722760802585 0.7113350778176566 0.34358227559011745 0.004370856575582234 0.059350582318108865 
0.46200938053003043 0.5620216629583717 -0.686060480327911 -0.6956071427614927 0.7095124655084418 0.11279523140330161 0.55016182641242 0.4251161154950948 0.7187476978084254 0.3448609150887857 0.003352143990064775 0.05992655636593243 
0.47338169371766897 0.5609218900271049 -0.6791733249630846 -0.6919882491120282 0.7138926513536337 0.1072825495322945 0.5450339761371402 0.41919436498085194 0.7260950689988463 0.34612124830084584 0.0023395183333517616 0.06044658646359386 
0.48464002529520106 0.5597544844880505 -0.672159923662058 -0.6883187736164866 0.7182260824232827 0.10182612834631327 0.5397604207136373 0.4133112769117495 0.7333706270424365 0.3473627987953118 0.001333971207719463 0.06091123348031149 
0.495777828238317 0.5585191425447343 -0.6650268509153541 -0.6846005859788068 0.7225120943523917 0.09642775115077006 0.5343466877456734 0.4074710307808582 0.7405680092804526 0.3485851087774233 0.0003364767048165268 0.06132116449564782 
0.5067887330086801 0.5572157667686891 -0.6577809432933116 -0.6808356343372871 0.7267500229537135 0.09108920437307921 0.5287986564960248 0.4016777233070793 0.7476810733774398 0.3497877402159589 -0.00065201170884404 0.06167714999835652 
0.5176665632253912 0.5558444700277598 -0.6504292847481355 -0.677025949807654 0.7309392018204546 0.08581227493267475 0.5231225407162802 0.3959353588423693 0.7547039147989812 0.3509702759485714 -0.0016305642169006998 0.06198006075657027 
0.5284053506922989 0.5544055784202158 -0.6429791909356747 -0.6731736507628164 0.7350789603116146 0.0805987470489305 0.517324870152606 0.39024784012693997 0.7616308830383968 0.3521323207552127 -0.002598277570835354 0.06223086437536364 
0.5389993496884513 0.5528996331978996 -0.6354381926238418 -0.6692809467726977 0.7391686219328543 0.07545039852066046 0.5114124708319773 0.3846189594384463 0.7684565965088848 0.3532735023899269 -0.0035542778831991473 0.06243062155928977 
0.5494430504346054 0.551327391668435 -0.6278140182611377 -0.6653501421308243 0.7432075031211625 0.07036899651763817 0.5053924442407186 0.37905239017909864 0.7751759560279875 0.35439347256159 -0.004497723280078705 0.06258048209892908 
0.5597311916551694 0.5496898270732439 -0.6201145757845649 -0.6613836388985233 0.7471949124369768 0.06535629293072243 0.4992721455134779 0.3735516789421322 0.781784156832231 0.35549190785459206 -0.005427806397499305 0.06268168060176957 
0.5698587721621002 0.5479881274447382 -0.6123479337513212 -0.6573839394025793 0.7511301501628181 0.060414019332664264 0.49305916075603834 0.368120238096184 0.7882766990711827 0.3565685105809568 -0.0063437567075875015 0.06273553198887588 
0.5798210613950454 0.5462236934524908 -0.604522301882935 -0.653353648127957 0.7550125083029976 0.055543881606402494 0.4867612836294737 0.3627613389229008 0.7946493967418912 0.3576230095559753 -0.0072448426615720485 0.06274342677976714 
0.589613608860349 0.5443981352544044 -0.5966460111139624 -0.6492954729535793 0.7588412709746327 0.050747554301577354 0.48038649132616457 0.3574781053395172 0.8008983850365824 0.358655160790104 -0.008130373638053238 0.06270682618872508 
0.5992322524202547 0.5425132683748617 -0.5887274932399313 -0.6452122256861594 0.7626157151760813 0.046026674783068273 0.4739429200699811 0.3522735082342969 0.8070201260884641 0.35966474809060167 -0.00899970168644118 0.06262725705636474 
0.6086731253927391 0.5405711086374404 -0.5807752602609065 -0.6411068218544509 0.7663351119150531 0.04138283723753217 0.46743884027359117 0.3471503604385737 0.8130114131124165 0.36065158356717075 -0.009852223056989233 0.06250630664074787 
0.6179326624316723 0.5385738661850897 -0.5727978835178689 -0.636982279734099 0.7699987276751287 0.036817586605220456 0.4608826314853433 0.34211131235480635 0.8188693729490787 0.36161550803670733 -0.010687379510453107 0.06234561729257099 
0.6270076041664854 0.5365239386255305 -0.5648039727189887 -0.6328417185812405 0.7736058261962409 0.032332412504693465 0.4542827572564758 0.3371588482555068 0.8245914670322961 0.3625563913231408 -0.011504659402055743 0.06214688103904071 
0.6358950005899286 0.534423903344137 -0.5568021549519644 -0.6286883560611622 0.7771556705418817 0.027928743217543985 0.4476477400566746 0.3322952832632669 0.8301754908109112 0.36347413244924254 -0.012303598536111425 0.06191183410094825 
0.6445922131919549 0.5322765090305933 -0.548801053776778 -0.6245255048664334 0.7806475254234662 0.02360793979882966 0.4409861363621577 0.3275227610173429 0.8356195716664091 0.36436865971820986 -0.013083780789347702 0.06164225136718607 
0.653096915846953 0.5300846664692181 -0.5408092684906722 -0.6203565685270177 0.7840806597503385 0.019371290376672245 0.43430651203566084 0.3228432520274997 0.840922165377823 0.36523993068375515 -0.013844838502650926 0.061339940850504815 
0.6614070944705841 0.5278514386459651 -0.5328353536537952 -0.6161850364226888 0.7874543493724938 0.015220004701453772 0.4276174181119726 0.318258552711043 0.8460820511945178 0.36608793200835515 -0.014586452642618805 0.06100673814772001 
0.6695210454711275 0.5255800302277805 -0.5248877989599431 -0.6120144780156678 0.7907678799820762 0.011155209001282673 0.4209273670961038 0.3137702851042746 0.8510983255859007 0.36691267921023646 -0.015308352735922293 0.06064450092682778 
0.6774373730285256 0.5232737764721691 -0.5169750095321484 -0.6078485363285637 0.7940205501392327 0.007177941195972574 0.41424480987386336 0.3093798972350088 0.8559703947447144 0.36771421630056067 -0.016010316581053258 0.06025510346261027 
0.6851549852421069 0.5209361316265441 -0.5091052867176495 -0.6036909206994527 0.7972116743878239 0.0032891465167876116 0.4075781133266789 0.30508866413836816 0.8606979659272648 0.36849261531314104 -0.01669216974352753 0.05984043124130407 
0.6926730891952881 0.5185706568782039 -0.5012868094510012 -0.5995453988521253 0.8003405864269191 -0.0005103264263201386 0.4009355387339744 0.3008976894938271 0.865281037719754 0.3692479757298572 -0.017353784842044008 0.059402375653788544 
0.6999911849922429 0.5161810079165613 -0.49352761624796493 -0.5954157883251532 0.8034066423048218 -0.004219729094156486 0.39432522103752365 0.29680790785748057 0.8697198893247028 0.369980423805717 -0.017995080634418112 0.05894282879553419 
0.707109058827655 0.5137709221696535 -0.4858355878862852 -0.5913059473084381 0.8064092236036178 -0.007838415954845355 0.38775514903291636 0.29282008745978205 0.8740150689653506 0.3706901117982603 -0.018616020913343773 0.058463678390259205 
0.7140267751561412 0.5113442057769022 -0.47821843082268434 -0.5872197649402146 0.8093477405838352 -0.011365846884417864 0.38123314654379215 0.2889348335355743 0.8781673815088381 0.3713772171066856 -0.019216613223153337 0.05796680285287319 
0.7207446680327149 0.5089047203596737 -0.4706836613884678 -0.5831611511211441 0.8122216352607794 -0.014801589014943904 0.3747668546249434 0.2851525921501462 0.8821778754109505 0.37204194132670854 -0.01979690740974148 0.057454066505877574 
0.7272633316997958 0.5064563696503865 -0.4632385907990224 -0.5791340259050609 0.8150303843863339 -0.018145318020396567 0.3683637148307489 0.2814736544822908 0.8860478290862602 0.3726845092277329 -0.020356994016706063 0.05692731496193859 
0.7335836104997011 0.5040030860397664 -0.4558903110054161 -0.5751423085281755 0.8177735023125502 -0.021396818837070786 0.36203095357593906 0.27789816152298946 0.889778736807662 0.37330516765941746 -0.020897002541502313 0.056388370683877316 
0.7397065881942884 0.5015488171004082 -0.4486456814092237 -0.5711899061400979 0.8204505437160621 -0.02455598582187365 0.35577556760636553 0.27442610914634014 0.8933722942386165 0.37390418439516526 -0.02141709956603932 0.05583902873184664 
0.7456335767754966 0.49909751214304804 -0.44151131645474273 -0.5672807023008712 0.8230611061652728 -0.027622822358103025 0.34960431058842767 0.27105735350773524 0.8968303836999348 0.374481846920431 -0.021917486776638732 0.05528105270599232 
0.7513661048519035 0.49665310885996755 -0.43449357410600226 -0.5634185453084772 0.8256048325152617 -0.030597439924382897 0.34352368081714246 0.2677916167231086 0.9001550592707159 0.375038461174048 -0.022398398888650382 0.05471617089145214 
0.7569059056971814 0.49421952010772957 -0.4275985452094234 -0.5596072364208189 0.8280814131184772 -0.03348005664809029 0.3375399100346253 0.2646284927822238 0.9033485318201526 0.37557435025101554 -0.02286010149125666 0.054146072611132086 
0.7622549050464559 0.491800620879021 -0.42083204373672384 -0.5558505180352384 0.8304905878424097 -0.03627099536993204 0.33165895334300177 0.26156745364853395 0.9064131540634471 0.37608985307536036 -0.023302888828124688 0.05357240479033273 
0.767415208726055 0.4894002355108272 -0.4141995978968258 -0.5521520618871203 0.8328321478885302 -0.038970681251149594 0.3258864801886493 0.2586078554980961 0.9093514057309907 0.37658532305178266 -0.02372708152956666 0.052996768735990726 
0.7723890902011664 0.4870221251734066 -0.4077064420999419 -0.5485154573271077 0.8351059374098921 -0.04157963895922595 0.32022786638805845 0.255748945050267 0.9121658789355297 0.37706112670485203 -0.024133024311759114 0.052420717132052666 
0.7771789781242794 0.4846699756817582 -0.4013575097520226 -0.544944199734081 0.8373118549277133 -0.04409848947179094 0.31468818715973884 0.2529898659435904 0.9148592638170975 0.377517642314489 -0.024521083658358846 0.05184575125133348 
0.7817874439652758 0.48234738566833485 -0.39515742685310057 -0.5414416791182246 0.8394498545501389 -0.04652794654170896 0.3092722111213331 0.2503296651111755 0.9174343345403245 0.3779552585563932 -0.02489164549953768 0.05127331838311763 
0.7862171898015005 0.4800578551528211 -0.3891105063689549 -0.5380111689654141 0.8415199469990204 -0.04886881286909366 0.30398439520656306 0.24776729911115977 0.9198939357132762 0.3783743731559429 -0.025245112903052612 0.05070480947475965 
0.7904710363432317 0.4778047745417837 -0.38322074334191797 -0.5346558153707756 0.8435222004530714 -0.051121976028119395 0.2988288804527903 0.2453016403693294 0.9222409692913496 0.3787753915639026 -0.02558190379147516 0.05014155698462594 
0.7945519112666612 0.4755914140880081 -0.3774918107035765 -0.5313786265056941 0.8454567412179884 -0.05328840419811502 0.2938094886068485 0.2429314832927766 0.9244783820240222 0.3791587256620377 -0.02590244869913417 0.04958483294290012 
0.7984628379228685 0.4734209138363441 -0.37192705574953794 -0.5281824624588232 0.8473237542361646 -0.05536914174940253 0.2889297194943657 0.2406555502154327 0.9266091534964539 0.3795247925064463 -0.026207188581693533 0.049035847216045494 
0.8022069244873854 0.4712962740798873 -0.3665294972344052 -0.5250700254877851 0.8491234834503957 -0.05736530473484997 0.28419274909600833 0.2384724971385198 0.9286362848121817 0.37987401311609287 -0.026496572690583094 0.04849574597008095 
0.8057873536107129 0.4692203463474146 -0.3613018230436381 -0.522043850714387 0.8508562320374495 -0.05927807633795699 0.2796014282730666 0.23638091923132504 0.9305627879573818 0.3802068113136596 -0.026771056523751398 0.04796561032729621 
0.8092073726258229 0.4671958249400855 -0.35624638839792555 -0.5191062972922348 0.8525223625286111 -0.06110870232774633 0.2751582820842552 0.23437935606018764 0.9323916758815757 0.38052361262542045 -0.027031099863410867 0.04744645521056784 
0.8124702843640562 0.4652252390326179 -0.35136521454525593 -0.5162595400717668 0.8541222968352186 -0.06285848656958427 0.27086550963582984 0.23246629651623593 0.9341259533241477 0.3808248432464111 -0.027277164910611794 0.046939228369086615 
0.8155794386261478 0.46331094535134676 -0.34665998789577507 -0.5135055617838409 0.8556565161978793 -0.06452878663953511 0.2667249844077594 0.23064018341509798 0.9357686084107173 0.3811109290766974 -0.027509714525610983 0.04644480957901423 
0.8185382243502057 0.46145512143895656 -0.3421320595550353 -0.510846145759331 0.8571255610783791 -0.06612100958779935 0.2627382550000068 0.22889941774463196 0.9373226050382654 0.3813822948340442 -0.02772921058210901 0.045964010012395334 
0.821350062513598 0.45965975951297705 -0.33778244521197515 -0.5082828691984534 0.8585300310134277 -0.06763660789447619 0.25890654624457965 0.227242362539548 0.9387908760630068 0.38163936324777625 -0.027936112442520943 0.04549757176750283 
0.8240183998006398 0.4579266609226801 -0.33361182533926753 -0.5058170970000876 0.8598705844491573 -0.06907707565805161 0.2552307606312311 0.22566734636466415 0.9401763173002892 0.38188255433807905 -0.028130875560511567 0.045046167553737824 
0.8265467030629569 0.45625743120648216 -0.32962054566519206 -0.5034499761579286 0.8611479385749039 -0.07044394505402654 0.2517114799971145 0.22417266639145816 0.9414817823413295 0.3821122847844265 -0.02831395021610309 0.04461040052418304 
0.8289384545943109 0.4546534757495959 -0.3258086178780532 -0.5011824307270614 0.8623628691740941 -0.07173878309769818 0.24834896743354926 0.2227565910554294 0.9427100781873791 0.3823289673862611 -0.028485780387710345 0.04419080424894419 
